67226494096002
82003125003372
68548576287038
6457906746284
14184200939726
61065018032600
87170735394794
73402094200408
1076578124879
70485446843861
729190265377
54363898796838
23144580413012
75467518697356
78097442746469
52622932978880
19595501660369
38933296268310
14804029831053
33090805104270
36916398378644
50843557523524
91950928902976
30440063143874
42043772075750
39067392884569
77513560097207
3030173921905
1868511624531
83190329039409
72710960754209
37955984388086
75536930391883
66136459628592
51012594099323
57146234306441
6928663014886
22026306513813
77453392689381
36161240411602
52751345732292
38615535593530
73967073332023
17750486929654
44828002333056
7183530786944
4660886345374
88879993158828
59096667386085
31796498571062
96078092040788
38059476125473
93436144279220
55063280818692
89807291908747
23745127013111
26925276419213
78060377379039
84213543761599
72305069109287
68691301632392
64714619042846
74494899142162
56517154186296
72338944707915
11102477503500
89993729999140
4896734092392
85052498978529
90950190187426
40756497699890
50459590893899
57223321645809
42461070206513
50519817674661
51842577816884
65501146588646
11220795560386
33704801362321
18464121195267
98752157398808
27652065909074
32151780246755
42749991469073
61744536619670
57204782151822
64442309128076
49233356577801
35745342149515
7568176010229
64831175279443
69225661465478
73323820480947
35936857413214
71288569692866
46470286653577
32747946806235
13625807995070
82127704032001
53687757410634
7367122415699
55278534748126
46636091490718
31533007516962
80034751662751
85974089553835
11641804686260
98548363412025
87595737998294
21640914723623
38143014159317
48758295902177
11244878003834
35547789856249
72789931258240
49964728149579
93176138408880
41170354347439
98002315273710
57379914351326
54265316966322
53425082674294
5478499230689
13616974907754
4964344339682
28340045465454
78759329056600
92184642936369
3253731934506
9561098284629
32751416492244
61671862644328
61309521139065
2720338795896
49540889663623
33775107164465
10161910858959
37459033777074
99456122146071
46299693186648
1176844058611
66078298706199
75141309663932
94308214145156
29504632180367
24968875114462
15432618741327
68956030291727
97519978803315
87668525677135
83695536862373
29527851805832
11391866508081
94472364864149
74656996384325
98426666263407
77590299937221
87054488979847
47506703188088
73123761876541
63223404125119
88860860479499
71800113615603
37694025847983
30134466316744
6571311733380
13300403124877
57315999613642
21546867698446
86106390054269
31085141685767
26675878901790
68186698746484
17152393695829
9255058679903
17171218016043
65375718257137
2911983884865
39026808070666
1354770776779
37601710552516
78350801800068
91067223033707
21540117004659
59696023299212
59804837091562
40832529328776
59181442822277
84021600787597
3674688584424
6775047913812
15107302429023
49917267929973
37107351464938
94123586529038
6388051696978
8761553844103
25994173212715
7593506494108
34395381784828
55267040108773
51496887221294
87457159229579
61596783454916
23254671922904
63932301798036
27272211350373
3537391810536
4014467105128
39725622189427
48253997616987
67582418543937
13255469820058
1830995096322
17086936174100
70913459482307
58838457819067
41276395362342
6988033371959
99566875264373
19591927679939
22246980759725
41921645355363
7888574020675
97790548578867
48002612654920
45925319526673
2765078360597
1891717001728
37911892968985
23301987772732
80220116655065
43271487275234
65021283502581
57132183860399
44818028003395
4002428113257
16666014146484
46293387039493
66530897178746
52899126670773
83671633439113
44561980860314
63627972650666
1675587518856
61915026228534
12019738827981
84132282081517
79671649372083
4052276307176
44106037441127
39374333502023
63626542727443
434547536148
14199334635301
7422557580280
72912748375868
87025178845205
42445879076088
93699016339168
24261649900846
95751358903129
21850384154985
64229470789221
91933327138534
33138348110811
62433296858627
5149359190644
83896527551531
45417231345763
6354414472047
90503960238082
74346035884193
15462954867490
8121115584320
82064209994132
36890339181200
99179486489391
73756888668691
54670660365950
71405131219759
22378535218650
35515436256834
97778296016052
3785810740320
25131701122851
34185012558732
56232857707988
35656480241137
1022512263031
7043112197464
77001622709853
56305207833244
16607538368409
66731183103337
556969395594
75294958610804
35752266581947
46656977094273
60818348675760
92298484731213
90681047438901
91752094122159
38039865930643
88708535590754
77802973319699
51008036757660
94548529913659
3411260144939
43582256360769
84824269909292
98383953676652
66839941611353
41147307140083
75828857662086
91655651851633
49324000666904
62664423774407
45874210446390
11507155365630
68349789491988
58651584773877
47143497741453
88208788561821
23219453799048
20661916389039
32962339850142
94324274550183
82121959626453
365369721714
34630624759738
74001050737413
13526374813216
53816185315365
6305827828702
8615375946953
33528293443384
78468936806782
30829680385738
94591337052167
3632288336492
10676019971820
17217704820648
48405098726893
16989701738596
39024160278299
73270177573015
42987091316353
42831089497715
82233999579164
54962288958191
12890312232051
91958991039964
6510623341468
79197040722617
6182861790751
49570174182159
89630837566300
14443336685344
62701709311992
64269342912592
28661657865087
39925773933422
4375385088712
12942190285678
86539024692777
74849994860602
51701236432522
30060497031720
79852652060014
31562386855754
45615821750919
33643959565289
7518621333360
63278773023998
63612486497246
1726042793484
79884141030808
60970335569558
11028863657009
68512073929807
47804763129329
63845598596744
13127862950784
94132392188581
48881815447594
46176008187355
84113705483296
30713261685609
4679737879878
93024204373480
39527583726825
34989349655682
49585206451755
88595667889911
36742077911569
10433053280040
73543265632304
42897375628915
5802784364058
55996124745394
53922243351847
17867372176192
38327518741013
74676544170120
75155566645863
74845402191438
83511281697974
54237040094447
23860980235619
30759635337484
50207683885472
16081484168456
66761626811574
61321500581491
30999103070756
35053721169913
28226246062880
23492978491371
16264657089121
81214558762758
81260288248594
85980605251343
17264607738864
98382680311153
97796483026691
83059984904873
75005082287828
38418473182158
48481930045141
89147530479170
77211005984979
24650678104750
61711702534684
25659906680985
81605014926557
42729459003436
80035609405004
61256211624209
17993964049053
1334924771311
82620606378169
28895160622441
86775347871842
62162980482502
88576843148789
49664640173565
53968012410756
8876257679847
81637615570507
60937548486246
70051231710221
96018221336603
54972327765
45062614131493
73871069787244
28506951733490
77599366317347
89861225194286
76105586949886
40603619320902
9254988819932
574727354477
39470242506602
64435368136029
60971709050829
58907390500500
65203445966899
52181141156872
5524828929973
51787927420722
60855786732635
66438543587891
48137757055806
96659869797081
99377997063621
78222808333552
33208468868948
5133828382252
67461428247941
32767739382653
69148781663394
17029560917629
23175470437650
66207424442157
61000857736087
58870416962202
27500967355005
27122745683194
9428068959278
78753337402033
57974910252416
38586083195656
2746507011856
73173709476510
39464647404519
49272783957100
23046084614612
65927612083964
54006991722659
80618563741831
20181439497709
80484719171806
35534014923036
37161780412803
75190098007332
98678869892501
94028052700547
96606482200432
82882750055457
10121517507212
83376046134651
19907841198711
15491026577227
67652535815694
88588190539195
58128331148920
2757426794213
86633668438274
16618350792106
26057944502296
14603667749923
92066264162969
96334783816841
82742757626579
59369160805612
42165873191007
63582158212392
1582681072358
82247591485101
40495448766680
85884748426288
59085077338319
79419784941502
16868122490059
31324393677612
95538286449395
54718493389994
18500687489949
18320384006515
4588525719275
58293336210348
4988951912932
6979339082695
33381211294689
54690399526434
35191607458007
61023144123791
7245164585641
85506011204324
6758591245557
98127299050061
38155062288942
33798777830441
35378953679161
73698095469313
2581488405632
95747006061816
41421027813261
21241326737639
39969641655767
53464406126494
22045095904761
40282278425107
43230671788127
32656845268382
70265111803243
87674603494580
87313211535159
34437512181149
46002167298094
52338276666837
49748902092044
23174609541372
93288544485555
37437021671791
28071440782667
13277285369666
41393541158848
67581891738487
65328702847608
68640728483174
29804235595204
23159943966935
40639242617015
40577192299785
51202972562122
87893880489740
98087274827128
98503877456463
13377144974372
321503397989
76771312024948
87599584338923
71909644499394
77077168657047
28881012809627
51224494650303
7133738296786
26301799461152
98164187387453
67409954188249
22896631818973
94509312162844
26086278322001
94299905557798
76515824872854
45893598820350
1105177841130
70863950777218
26644979366828
43423849927722
13844866198253
6850602697176
32497416523164
33518999606973
85672290000928
25155749933866
85897834946782
86439280626624
78509241349043
53704503225194
76269978847381
79764663877982
18976851712484
97324612867194
4518615530497
8910528564731
66233117716095
87502387039315
27676679812828
19814450764140
77414528633294
84766994044648
44350615033812
2436518194037
46819917099697
36010821836048
78773971931146
64536517135924
5986428700511
28944048164527
99443506688561
95354189602865
92167436322748
41692663594048
18812327939424
6208695759568
41909085891199
66837425732808
81446276530386
97546586296343
57749037657741
68025878953842
66150676552390
43786150601721
57187205961874
71733380040512
17781548668629
36344400064299
47444209434853
59284582075170
91975433339377
23244320593845
36184760635286
37582943741679
85528763920045
98899601384875
87401541055935
28732028802354
94631618871414
98969742725646
33298925549169
56550340845211
12159494021523
6262916117299
69396526062845
43668395536461
26148358276835
48073858168248
96839817251195
42270871172029
37467621409050
1791701476317
92116048369187
55517393787371
92592106271618
71887124928644
88449870599354
92215668931958
11095334759449
92328613412111
2277043052399
44941325460406
32656118339041
68068798953698
52192004080811
93506132108154
11903736546313
19246044060158
82254097995113
87194934278447
68411867904885
99642201984144
11269359449666
38607536132195
2447455898226
2199237878460
22300565804064
47999137343686
23358980285300
76253617115252
63958877983757
83872954192097
10675663469474
15772970463647
93162920901555
43302842095119
10657868090128
8081492168904
84609779118878
35444827646700
33633207491090
94126867802226
28032533247447
59367870844005
38110897640746
96038688382975
23295554654238
17143151240947
35283411154526
8536149803491
40926367500709
95593247629224
76782598369048
62541926632819
65988400467254
12165985447529
98894546205920
53888968106146
47660943990468
3511119886679
20741914732459
75009752567326
62360503912950
29253159706894
59515946920021
85892475962434
81456458531026
1208279329631
20720701507918
1666041882365
90231353366417
30513065676273
38405764115280
74261357818674
15893300011520
90274522715323
86604441402067
6777585586274
48262670654343
79314826583758
34947766936276
8844941076071
61712373367089
43471973429532
45186375196858
30598169930056
22692144915320
77927717527405
98539999391994
72949895116128
20827266538307
10578847719482
14070148622881
19393607208035
4646964888215
7334788537054
59723439659005
26469106581056
91166597826271
27596216888658
62480236513534
96126769509305
49898714249908
94374466936185
19813018501788
50647032072696
10790039700446
95517072528263
58410461989686
94947981572377
7035670330967
29050173084810
81002412871224
14136284819829
71428791887745
50706439043993
31537205804334
25925983379714
4180767138017
34287130860957
31799277544264
69113260891276
30179589531770
20552772382749
19021312434050
85767710290037
6967659278299
72827571866843
64605383131592
63319300981533
39039807120690
99520670187335
3235722096330
43687465594335
15097041628812
79787070278987
59040863910817
81518603989287
1453578091234
31331894099866
61978602299013
4036549200427
89198818905046
81461735977599
31668202237537
29123342074013
17502379818676
84235297227023
18438822197173
61623204940102
30861878933055
87465049818794
44315478924683
27792844266162
56311485939365
51437951157752
42167180473840
12368950616988
74762972432599
33352402911663
54048231998728
85466294997893
52153390229973
12743424853609
36749608084673
56357064956659
73688895661259
21610318668005
95997894696520
10140014964788
19621211749881
71415253909647
17551711875766
76838356725085
44218464172072
40960897056015
12933733179894
90915895545795
26832788480301
24825281102121
84270265346105
93418779037589
1818245450213
62411593615565
23400741617923
50316961187005
88810329212899
6862313280658
90122361102062
42971522944400
89018708983095
15985954239504
21258914997534
43300647036546
35958500352153
80611298547710
9273449433176
60736077139169
14903712360103
35679634664153
64441512817690
85193957363419
65866177062316
55536177195039
35538616454701
59651550799453
74774853680715
63907532537438
28172796987701
46866944762090
8373133007460
92850902875065
78558608293175
96742070582682
9692925914357
85080544703793
38381624721151
22058367703568
42737182941147
84098712882672
55335443413217
50911430351247
43703600732732
81998539633198
72463325067381
42530701090223
63096855601635
42825525821421
9138007084588
67521990703473
5740959706320
78718054108226
85724804517268
26466251316328
46890142219859
73008370452789
36246400914584
68193373839144
85242072801061
11155936495599
23618454705012
20560244123816
6353187149498
20396862193402
32678094217261
31064673604388
48297317312108
26182306011526
92836432271356
73950803457252
56110922063223
87530210561966
93069123399130
67325709003766
54193971918077
22176781822134
99706511743551
26233814228039
70735396440693
86622250421859
60640670686406
44170508592735
74013435884658
53958270451347
9315997677539
33272855987261
45699917142719
95577656933157
98882963277030
90747563099916
9557952469264
26598201472948
26815988562306
80189305811550
24082696387749
81978582941883
80712675728190
39517681344963
373766850887
10570735028698
72023215981878
15927871824177
88372230315957
45271438699759
84610627341175
46003448916100
93788564558691
11734836482515
15153268799674
81403865282026
9937051599391
12498537865200
69087050231238
43941146113473
26263506736895
61778018739578
50199918956474
79966695850323
46472817511713
87477410228284
43961884813218
36988151609204
53360334649433
68427814467130
4713406158086
25183217251547
84489092588477
33572820889424
89125134692921
52788747811791
15399798561225
69446041155954
4724103145315
64979979148830
70980400225172
15054911808982
26401821259578
87731891580670
